tetrahedro:
(0,0,0) (18,0,0) (9,18,0) (0,0,0) (9,9,9) (18,0,0) (9,9,9) (9,18,0)

cubo:
(0,0,0) (0,10,0) (10,10,0) (10,0,0) (0,0,0) (0,0,10) (0,10,10) (0,10,0) (0,10,10) (10,10,10) (10,10,0) (10,10,10) (10,0,10) (10,0,0) (10,0,10) (0,0,10)

superficie:
(-1,-1,0) (-1,-0.33,1) (-1,0.33,1) (-1,1,0) (-0.33,-1,-1) (-0.33,-0.33,2) (-0.33,0.33,2) (-0.33,1,-1) (0.33,-1,-1) (0.33,-0.33,2) (0.33,0.33,2) (0.33,1,-1) (1,-1,0) (1,-0.33,1) (1,0.33,1) (1,1,0)

dois retalhos:
(-1,-1,0) (-1,-0.33,1) (-1,0.33,1) (-1,1,0) (-0.33,-1,-1) (-0.33,-0.33,2) (-0.33,0.33,2) (-0.33,1,-1) (0.33,-1,-1) (0.33,-0.33,2) (0.33,0.33,2) (0.33,1,-1) (1,-1,0) (1,-0.33,1) (1,0.33,1) (1,1,0) (1,-1,0) (1,-0.33,-1) (1,0.33,-1) (1,1,0) (0.33,-1,1) (0.33,-0.33,0) (0.33,0.33,0) (0.33,1,1) (-0.33,-1,1) (-0.33,-0.33,0) (-0.33,0.33,0) (-0.33,1,1) (-1,-1,0) (-1,-0.33,-1) (-1,0.33,-1) (-1,1,0)

spline:
(0,0,0) (1,0,1) (2,0,0) (3,0,-1) (4,0,0); (0,1,1) (1,1,2) (2,1,1) (3,1,0) (4,1,1); (0,2,0) (1,2,1) (2,2,0) (3,2,-1) (4,2,0); (0,3,-1) (1,3,0) (2,3,-1) (3,3,-2) (4,3,2) 
